skeleton 1
 skel_horse 28
-1 abdomen 0
1.000000 0.000000 0.000000 
0.000000 1.000000 0.000000 
-0.000000 0.000000 1.000000 
-0.000000 -0.620259 1.302463 

0 thorax 0
1.000000 0.000000 -0.000000 
-0.000000 0.999147 -0.041295 
-0.000000 0.041295 0.999147 
0.000000 0.329448 0.147255 

1 spine_2 0
1.000000 -0.000000 -0.000000 
0.000000 0.994151 0.107996 
-0.000000 -0.107996 0.994151 
0.000000 0.325499 0.000000 

2 spine_3 0
1.000000 0.000000 -0.000000 
-0.000000 0.999809 0.019552 
0.000000 -0.019552 0.999809 
0.000000 0.256706 0.000000 

3 neck 0
1.000000 -0.000000 -0.000000 
0.000000 0.605847 0.795581 
-0.000000 -0.795581 0.605847 
-0.000000 0.322559 -0.000798 

4 neck2 0
1.000000 0.000000 -0.000000 
-0.000000 0.997676 0.068134 
0.000000 -0.068134 0.997676 
0.000000 0.212015 0.000000 

5 neck3 0
1.000000 -0.000000 0.000000 
0.000000 0.954291 -0.298880 
-0.000000 0.298880 0.954291 
0.000000 0.232946 0.000000 

6 head 0
1.000000 -0.000000 -0.000000 
-0.000000 -0.015529 -0.999879 
0.000000 0.999879 -0.015529 
0.000000 0.193638 -0.000336 

3 uarm.L 0
0.990706 0.121274 -0.061602 
-0.126140 0.649644 -0.749701 
-0.050900 0.750504 0.658903 
-0.105278 0.110085 -0.017733 

8 forearm.L 0
0.989016 -0.139950 -0.047546 
0.001341 0.330165 -0.943922 
0.147800 0.933491 0.326726 
0.003941 0.402186 -0.007036 

9 f_foot.L 0
0.999898 0.007728 0.012045 
-0.011609 0.930183 0.366913 
-0.008369 -0.367016 0.930177 
-0.000441 0.302533 0.002347 

10 f_hoof.L 0
0.999610 0.018935 0.020520 
-0.019465 0.999473 0.025983 
-0.020017 -0.026372 0.999452 
0.000000 0.385941 0.000251 

11 clavicle.L 0
0.998139 -0.037806 -0.047843 
0.052766 0.928749 0.366936 
0.030562 -0.368778 0.929015 
0.000954 0.336666 -0.003672 

3 uarm.R 0
0.990689 -0.121386 0.061658 
0.126257 0.649635 -0.749689 
0.050947 0.750493 0.658911 
0.105203 0.110085 -0.017733 

13 forearm.R 0
0.988739 0.142043 0.047111 
-0.002432 0.330016 -0.943972 
-0.149632 0.933227 0.326645 
-0.003947 0.402191 -0.007036 

14 f_foot.R 0
0.999866 -0.008835 -0.013771 
0.013272 0.930174 0.366878 
0.009568 -0.367011 0.930167 
0.000505 0.302534 0.002346 

15 f_hoof.R 0
0.999610 -0.018935 -0.020520 
0.019466 0.999473 0.025983 
0.020017 -0.026372 0.999452 
-0.000000 0.385941 0.000251 

16 clavicle.R 0
0.998136 0.037856 0.047863 
-0.052763 0.929426 0.365218 
-0.030660 -0.367062 0.929691 
-0.000961 0.336655 -0.003275 

0 thigh.L 0
0.999004 -0.034142 0.028727 
0.034142 0.170411 -0.984781 
0.028727 0.984781 0.171407 
-0.177799 0.000665 -0.000661 

18 calf.L 0
0.991903 -0.123586 -0.029254 
0.076180 0.763285 -0.641555 
0.101616 0.634132 0.766519 
-0.000949 0.389890 0.003006 

19 h_foot.L 0
0.979556 0.092702 0.178537 
-0.168412 0.863309 0.475748 
-0.110030 -0.496089 0.861272 
-0.003654 0.386232 0.004543 

20 h_hoof.L 0
0.999882 -0.013579 -0.007252 
0.015374 0.904682 0.425811 
0.000779 -0.425872 0.904783 
0.000674 0.387807 0.004983 

0 thigh.R 0
0.999029 0.033713 -0.028366 
-0.033713 0.170414 -0.984796 
-0.028366 0.984796 0.171385 
0.177701 0.000665 -0.000661 

22 calf.R 0
0.991839 0.124011 0.029613 
-0.076276 0.763260 -0.641573 
-0.102165 0.634079 0.766490 
0.000937 0.389885 0.003007 

23 h_foot.R 0
0.979557 -0.092702 -0.178537 
0.168411 0.863309 0.475748 
0.110030 -0.496089 0.861272 
0.003654 0.386232 0.004543 

24 h_hoof.R 0
0.999882 0.013579 0.007252 
-0.015374 0.904682 0.425811 
-0.000779 -0.425872 0.904783 
-0.000674 0.387807 0.004983 

0 tail1 0
1.000000 -0.000000 0.000000 
0.000000 -0.491569 -0.870839 
0.000000 0.870839 -0.491569 
0.000000 -0.183343 0.159709 

26 tail2 0
1.000000 -0.000000 -0.000000 
0.000000 0.871640 0.490147 
0.000000 -0.490147 0.871640 
0.000000 0.264709 0.000000 



end
